1541
2327
4732
5562
5616
10302
10323
10634
12926
16070
17708
20469
21990
24930
26901
27190
27427
27670
32098
32105
32117
33266
37385
38005
49141
49737
52295
58960
60371
61498
63162
67954
68613
70318
70980
75190
76350
77438
81400
82568
89618
90627
92899
93285
93831
94529
95465
95466
98554
99354
103977
105087
111116
112674
114018
115737
117496
118327
118418
118774
118908
120348
120725
121690
124299
130297
132486
132810
132960
134663
138003
138991
151266
154897
155724
156211
156284
156565
156909
157845
159554
159941
165983
168963
170417
176144
176212
176234
177007
177048
179103
179507
188320
190309
195537
197906
197967
198507
199347
201148
201409
203544
207195
207761
208758
209874
213252
213906
217278
219883
220358
220676
221060
223286
224052
226658
227021
230073
232911
233167
233275
235165
236806
237610
238661
240076
240241
240396
240438
242339
243715
258192
262901
268176
273285
287103
287653
288507
288650
288851
288897
294066
295218
304218
310777
316338
318014
318651
321083
321292
330885
331643
338070
339235
341421
341784
342439
342907
343593
348494
352976
354237
355013
355865
356187
357393
358008
358341
361702
365341
370320
372953
373972
374012
374243
376871
383563
388904
393765
395121
395907
396542
397756
399710
400989
409894
413960
414325
416289
416707
417230
420125
435200
437402
446603
447304
452517
452775
460956
461687
464216
471139
473383
476703
476707
476710
476722
476876
476883
476893
476896
476901
476966
478746
480173
480176
480177
481022
483543
483557
484461
487223
489231
492432
493572
498343
499739
499766
499884
503912
504149
504659
505203
510278
510320
510495
511664
512289
512517
514140
514591
514687
515409
532322
532349
534823
535469
535700
535750
536399
538854
544000
544023
544025
544137
546450
546457
546463
546759
547570
548722
550843
551757
557993
559111
559251
560870
561112
563672
564283
565611
566638
568836
570033
570072
580990
581286
585438
593747
596827
604396
606057
606732
607689
610545
618570
619946
620624
620722
621303
621350
621604
621677
621679
622024
622029
622043
622047
622050
622059
622571
622585
622856
623733
623960
626675
626681
626984
629142
632774
635180
641085
641984
649074
650457
650614
656043
656570
656584
656806
657196
658387
666601
668369
668407
668909
669400
669666
673401
673481
673485
673580
674395
675948
676544
679012
679890
680377
680382
680440
680536
680855
684357
690186
690623
693511
693934
694576
695008
695099
695556
700326
701683
701771
702812
703033
705521
706819
707099
708883
709597
710736
710996
714141
714642
715453
715575
717950
719544
720512
721815
722782
731353
737195
739255
739883
748738
753639
759224
759575
760153
760663
760665
764896
765742
765747
765764
766267
768142
768634
769446
769599
769973
770146
770875
771528
772444
772577
773059
773461
773521
774201
775103
775455
775468
775473
775479
775627
775746
776867
777108
777151
778485
780840
782452
783657
787392
787849
789187
790158
790188
792871
793248
796456
796836
799048
799439
801943
802421
804244
804459
804563
807041
807274
810371
811343
811429
811430
811792
811798
812367
812390
812893
813069
813106
813192
813722
813862
814141
814540
814929
815623
816758
816901
816956
822098
823735
823848
825364
826626
826817
827016
828242
835208
835670
836287
839323
840305
841351
845985
847474
847665
848540
849757
851792
853862
859097
860460
860925
861219
861228
863729
866962
867330
868313
873398
876230
880239
880482
882400
885419
885706
887428
888185
888398
890010
890854
891400
891796
892367
893667
894283
894458
895736
896040
896645
897601
898024
899550
900791
901300
902936
913609
916156
918199
918851
919914
929537
943932
946230
947563
951055
952132
952401
956352
956504
960074
960800
963502
967637
968980
972059
972852
977321
984367
988491
993985
994360
998102
999217
999221
1000097
1007356
1009657
1010773
1020329
1021144
1026309
1027013
1029700
1030216
1031556
1031712
1032569
1035731
1037984
1038236
1040531
1041562
1044939
1046273
1054835
1055468
1060209
1060644
1062068
1062407
1064144
1066625
1066839
1068492
1074546
1084348
1092075
1092623
1095160
1095461
1099872
1101227
1108170
1108901
1109556
1110603
1110630
1111211
1111912
1112104
1113112
1120222
1120962
1126300
1127980
1134961
1142714
1146415
1146459
1148139
1151778
1152218
1156655
1158273
1159323
1159492
1159897
1160151
1160508
1161608
1162006
1162369
1162396
1166305
1166721
1166792
1167326
1168302
1169217
1170725
1175790
1176944
1177325
1182768
1185195
1185335
1188674
1188802
1190342
1196138
1196268
1196494
1197688
1198330
1198999
1199058
1199231
1200686
1201346
1203764
1206833
1206836
1209359
1213209
1214804
1217109
1217622
1218129
1220864
1221761
1224611
1226513
1230939
1235434
1235524
1235737
1236791
1237399
1237406
1237483
1239875
1240721
1240916
1244268
1244536
1245458
1246458
1246777
1246877
1247741
1247817
1249694
1250541
1254493
1255601
1268935
1269059
1270696
1275787
1277694
1278757
1280264
1282664
1283646
1285070
1285729
1286786
1288907
1289707
1290857
1293171
1294617
1297054
1297736
1299075
1299138
1299742
1304345
1305140
1305402
1305886
1307886
1309842
1310811
1311130
1311705
1313678
1313920
1313978
1314933
1315062
1318692
1318953
1320161
1323485
1324853
1327272
1328068
1329405
1330621
1330776
1333159
1338610
1342785
1344061
1344443
1344447
1344598
1345077
1345691
1346309
1346375
1348439
1348825
1353065
1354665
1354770
1355567
1355825
1355875
1355880
1355886
1356758
1357262
1358226
1358742
1361941
1366368
1366654
1366888
1367531
1369530
1370009
1371920
1371992
1372186
1372568
1374082
1374111
1375118
1375146
1375164
1375266
1376248
1377292
1377987
1378375
1378624
1379895
1383686
1384728
1385606
1390924
1394301
1394541
1394890
1394963
1395090
1395564
1395942
1396225
1397487
1397541
1397995
1399002
1399063
1399090
1399448
1399677
1400361
1400820
1401239
1401450
1402332
1402383
1402656
1403517
1404604
1406358
1407141
1407164
1408860
1408907
1409029
1409644
1410349
1410356
1410388
1410688
1410768
1411412
1411591
1412596
1412697
1413448
1413664
1414251
1414464
1414584
1414983
1415055
1415560
1415975
1416151
1416157
1416178
1416259
1416272
1416462
1417069
1417114
1417282
1422717
1425327
1425388
1428173
1430342
1434780
1434966
1437466
1437544
1438011
1438864
1439404
1439801
1440966
1441485
1441891
1445677
1445869
1445999
1446402
1446447
1447273
1447847
1449373
1449544
1453735
1454813
1460994
1461166
1463061
1463308
1465461
1465508
1465522
1466781
1466918
1467431
1467935
1467947
1469327
1469952
1469979
1470122
1470156
1472338
1473610
1473654
1476968
1478753
1478941
1480465
1486401
1487575
1488068
1489935
1490119
1490415
1490542
1492740
1492745
1493563
1494075
1495241
1500130
1500471
1500473
1500741
1503169
1504427
1507138
1507919
1508368
1508506
1509700
1515381
1516593
1517152
1517507
1518462
1518591
1520955
1521102
1521842
1522610
1522862
1523036
1524236
1524378
1526507
1526545
1526992
1527044
1531608
1534392
1534708
1537500
1537916
1538649
1539622
1540766
1543458
1545276
1548958
1553076
1553329
1557120
1557784
1559117
1559905
1560345
1560357
1560690
1560691
1561386
1564840
1565162
1566242
1569609
1572314
1573318
1574434
1575221
1576364
1577141
1578251
1578840
1579790
1581094
1582170
1582734
1583513
1585484
1585846
1586076
1586499
1589581
1590678
1591251
1591941
1596549
1598581
1598699
1598774
1600106
1601165
1601793
1602040
1602218
1604960
1609540
1609925
1611850
1612716
1612831
1612906
1614453
1615725
1618322
1619409
1619425
1619441
1621341
1621525
1621692
1621769
1621799
1621831
1622111
1622834
1623452
1623742
1623823
1623996
1625680
1626638
1627292
1627533
1628096
1628503
1628508
1629751
1634880
1635427
1635683
1636181
1636202
1639240
1639482
1639737
1640222
1640457
1640555
1640816
1641455
1641549
1641715
1642478
1642681
1643554
1644702
1644715
1645005
1645183
1645327
1645530
1645949
1646795
1646843
1647114
1648281
1648428
1649747
1649897
1649923
1650598
1651762
1651956
1652723
1653123
1653867
1654519
1654647
1654681
1655001
1655490
1655797
1656264
1657527
1657912
1658798
1658916
1658929
1659005
1659045
1659055
1659713
1659954
1659980
1660018
1660293
1660700
1660803
1660979
1661205
1661218
1661749
1662591
1663048
1663052
1663381
1663415
1663505
1664695
1664987
1665645
1665692
1667194
1667540
1667711
1668058
1668311
1668793
1669029
1669490
1670090
1670326
1670571
1670960
1671492
1671748
1671820
1672064
1672097
1672110
1672634
1673651
1674057
1675173
1675479
1675584
1675857
1675901
1676210
1678205
1678488
1678643
1680272
1680363
1680502
1680690
1682257
1683739
1683793
1683796
1684617
1684911
1685396
1685883
1686046
1686051
1686762
1686901
1687377
1687509
1688413
1688416
1689140
1689198
1689347
1689567
1689718
1690655
1692452
1692577
1696513
1696936
1698538
1699506
1699567
1701203
1701481
1701510
1703970
1704304
1704772
1705526
1705597
1705673
1706179
1706540
1706554
1706723
1706753
1706840
1708318
1708321
1708537
1708582
1708917
1708941
1709027
1709385
1709408
1709880
1709946
1710428
1711832
1711993
1712161
1712455
1712663
1712708
1713089
1713230
1713423
1713505
1713516
1713941
1713950
1714107
1714617
1715451
1715495
1715984
1716018
1716060
1716127
1716130
1717714
1717725
1718818
1723479
1723512
1724673
1725425
1726295
1727491
1727982
1728087
1728171
1728496
1728578
1728645
1728701
1729304
1731047
1731053
1731230
1731402
1731512
1731534
1731882
1733476
1734262
1734743
1735514
1735917
1736168
1737266
1737944
1738418
1738422
1738592
1739459
1739507
1739583
1740013
1744229
1744534
1744540
1746246
1746281
1746479
1746585
1747207
1747507
1747916
1749205
1749474
1750942
1751737
1752668
1754040
1755203
1755672
1758200
1758234
1758575
1759958
1760151
1760303
1761356
1761654
1761863
1761922
1761985
1762771
1763328
1764727
1765659
1768257
1768306
1769972
1769978
1769979
1771205
1771277
1772621
1773448
1773781
1775243
1775689
1776183
1776785
1777981
1777997
1778666
1778804
1780287
1781432
1781500
1781792
1782400
1782961
1783516
1783938
1784346
1784577
1787781
1788923
1794217
1796597
1797446
1798442
1798876
1800428
1800448
1800610
1801014
1801683
1802226
1802355
1802573
1802803
1803578
1803901
1804155
1805778
1805954
1806419
1806975
1809415
1810846
1812060
1812426
1812937
1813463
1814718
1814950
1816635
1817665
1818350
1819365
1819880
1821040
1821226
1824810
1824820
1824881
1824935
1825159
1826181
1826705
1827389
1827685
1827751
1827980
1827988
1827991
1828403
1828571
1829950
1830472
1830606
1830617
1830669
1830676
1830717
1830733
1830759
1830797
1831091
1831105
1831114
1831120
1831140
1831171
1831765
1831779
1831885
1831935
1831960
1831979
1832091
1832120
1832374
1832430
1832452
1832465
1832506
1832517
1832893
1832923
1833011
1833022
1833283
1833301
1833444
1833553
1833555
1833571
1833633
1834239
1834246
1834592
1834953
1834982
1835197
1835243
1835295
1835297
1836559
1837003
1837811
1837935
1837968
1839060
1839435
1841014
1841115
1841203
1841392
1841504
1842235
1843129
1843139
1843416
1843426
1843661
1845441
1845522
1845841
1846629
1847431
1847835
1848102
1848103
1848104
1848105
1848106
1848206
1850098
1850381
1850519
1850532
1851045
1851946
1851957
1852712
1853108
1853291
1853435
1853888
1854085
1854215
1854295
1854622
1854704
1854965
1856546
1856793
1857498
1857779
1858222
1858803
1861885
1862139
1863324
1865688
1866953
1867277
1868239
1868355
1869340
1869381
1869492
1869554
1871890
1871962
1872159
1874353
1874601
1875655
1876528
1876566
1876611
1876737
1877873
1878910
1879862
1880710
1881803
1882592
1883775
1885107
1885337
1886477
1886798
1887750
1888836
1889029
1889388
1889477
1890654
1890846
1891340
1891470
1892483
1894168
1894761
1894807
1896619
1897141
1898365
1898948
1901838
1901849
1903448
1903785
1903850
1903975
1904357
1904457
1904678
1904903
1905806
1906180
1906620
1907321
1907952
1909712
1912306
1912313
1912316
1912395
1912727
1913560
1913855
1914851
1915849
1916000
1916101
1917479
1917514
1917651
1917794
1920717
1922288
1922729
1924212
1924416
1926602
1926774
1926861
1927392
1928662
1928671
1929605
1929608
1930293
1930908
1931099
1931476
1931709
1932602
1932817
1933182
1933592
1934949
1935957
1936241
1937465
1938301
1939487
1939824
1940116
1941889
1943326
1948491
1949810
1951059
1952631
1956218
1956986
1957562
1958033
1958456
1958490
1958529
1958757
1958885
1959481
1959752
1960375
1961742
1961758
1962258
1962764
1963354
1963788
1964263
1964859
1964999
1965197
1966353
1966532
1966593
1966708
1966713
1966933
1967014
1967186
1967254
1967302
1967307
1967397
1967715
1967930
1968439
1968550
1968875
1968921
1970063
1970445
1970671
1971041
1971273
1972590
1972984
1973596
1977921
1979203
1979488
1979686
1980459
1981325
1981623
1982410
1982434
1984034
1984657
1985982
1985985
1986037
1987645
1988627
1988770
1990067
1991573
1991641
1992451
1994836
1994874
1995287
1995303
1995805
1995830
1996186
1997458
2000750
2001214
2001721
2001927
2002093
2002306
2003107
2004121
2005520
2005724
2005914
2008797
2008812
2010900
2010904
2010923
2010984
2010994
2011013
2011017
2011028
2011035
2013152
2013161
2013191
2014127
2015506
2017396
2018588
2018670
2018878
2021418
2021741
2021939
2022389
2022390
2022604
2022852
2023261
2023857
2029296
2030922
2032730
2032765
2032974
2032978
2032981
2032986
2032991
2033031
2033368
2033544
2033774
2033776
2033883
2034000
2034003
2034054
2034331
2034391
2034463
2034595
2034602
2034608
2034700
2034723
2034769
2034794
2034802
2035057
2035255
2035809
2035815
2035819
2036250
2036291
2036297
2036306
2036315
2036332
2036539
2036544
2036565
2036703
2036726
2036731
2036749
2036768
2036794
2036840
2036889
2037340
2037712
2038151
2039879
2040055
2040345
2040614
2040921
2041027
2041509
2041584
2042316
2042346
2042497
2042546
2042593
2042719
2042862
2042910
2042927
2043202
2043287
2043405
2043431
2043688
2043694
2043746
2044276
2044582
2044585
2044696
2044717
2045238
2045620
2045882
2045967
2045981
2046054
2046170
2046176
2046197
2046314
2046327
2046354
2046559
2046654
2046661
2046664
2046777
2046790
2046800
2046804
2046810
2046825
2046829
2046839
2046877
2046882
2046920
2046938
2047118
2047132
2047137
2047158
2047191
2047196
2047251
2047533
2047555
2047580
2047589
2047843
2048069
2048074
2048105
2048125
2048148
2048353
2048484
2048583
2049576
2049856
2050145
2050350
2050366
2050561
2051235
2051272
2051545
2052822
2054023
2054118
2054205
2054218
2054277
2054589
2054796
2055060
2055196
2055377
2055872
2056001
2056047
2056105
2056118
2056128
2056187
2056450
2056525
2056533
2056558
2056760
2056812
2056823
2057030
2057892
2059423
2059480
2059522
2059725
2059746
2059756
2059779
2059986
2060109
2060415
2060438
2060564
2060583
2061532
2061541
2061580
2063386
2063644
2065858
2066236
2067622
2069707
2069860
2069894
2070028
2070352
2072012
2072478
2072944
2078410
2082019
2082827
2090010
2090684
2091073
2091488
2091704
2092031
2092819
2094023
2094189
2095706
2095979
2097214
2097669
2098179
2098534
2099103
2099440
2099706
2099747
2100024
2100312
2100340
2100648
2101059
2101289
2102120
2102360
2102383
2102711
2102923
2103336
2103458
2103705
2104097
2104309
2104498
2104598
2104782
2104866
2104888
2105614
2105616
2105947
2105978
2106828
2107235
2107240
2107275
2107286
2107527
2107686
2107836
2108366
2109584
2109596
2109905
2109963
2110355
2111159
2111383
2111543
2113169
2113700
2114283
2117139
2118716
2118985
2119165
2119803
2120010
2122917
2123495
2124426
2124896
2125641
2125892
2126008
2126046
2126219
2126302
2126326
2126386
2126403
2126894
2126918
2127436
2127878
2129371
2130250
2130353
2131079
2132191
2135818
2136240
2137168
2138161
2138482
2139854
2141840
2142082
2142820
2144767
2144883
2146298
2147678
2150246
2152233
2152892
2153351
2154560
2161708
2161932
2162510
2162892
2162929
2163359
2164071
2164118
2165260
2167631
2167888
2168213
2168666
2168741
2169322
2169407
2169845
2170254
2170909
2170920
2172843
2174842
2175411
2175441
2175453
2175854
2176574
2177377
2178117
2178216
2179565
2180911
2181217
2182218
2182538
2183746
2184007
2184586
2184847
2185366
2186273
2187447
2187648
2187694
2188885
2189557
2189849
2190369
2191577
2192018
2192173
2192314
2192360
2193302
2194255
2194338
2196472
2198432
2201199
2201707
2201791
2202258
2205514
2206687
2210167
2211808
2211974
2213163
2214481
2217253
2217315
2219766
2226253
2226866
2229642
2230071
2232323
2233226
2238007
2239489
2241559
2241770
2244128
2244292
2246398
2248204
2249641
2250339
2252218
2252577
2254753
2254802
2256461
2258436
2258699
2267969
2270455
2271899
2273729
2273944
2280390
2281749
2282412
2289176
2290478
2290712
2292453
2292551
2293465
2294491
2295693
2300682
2302024
2308290
2310301
2320032
2320819
2326719
2327472
2329603
2332163
2332164
2332788
2333047
2333948
2335931
2335972
2339995
2342011
2342201
2351111
2351830
2354187
2354722
2354800
2356927
2357539
2357557
2357560
2359625
2360780
2360903
2362682
2365693
2365791
2366588
2372649
2374765
2381435
2381492
2383522
2386797
2388714
2389440
2389716
2392082
2392201
2392299
2392473
2394746
2399948
2405193
2406610
2409542
2417001
2418122
2419339
2421291
2423009
2423129
2423450
2423471
2425834
2425963
2426491
2426621
2429765
2432224
2432730
2434290
2441582
2443232
2445229
2445954
2446740
2447438
2449227
2450130
2451208
2451240
2451957
2453015
2453087
2456836
2458326
2461296
2464537
2465902
2466639
2467024
2467132
2489161
2489629
2496890
2497598
2497737
2498059
2501559
2504471
2514766
2518009
2520440
2522297
2523481
2525758
2529751
2531096
2532242
2535215
2535464
2538387
2538845
2545993
2546309
2548064
2550402
2552546
2554258
2554341
2555912
2556024
2556068
2558675
2559815
2561083
