61
329
464
537
706
757
873
1000
1073
1417
1744
1893
2107
2149
2200
2267
2440
2581
2658
2763
2785
2853
2910
3009
3160
3265
4030
4047
4199
4343
4472
4766
5013
5035
5158
5279
5457
5564
5947
6123
6167
6191
6219
6438
6674
6714
6761
6777
7134
7689
7744
7896
8006
8017
8104
8120
8717
9348
9608
9707
9737
9806
9909
10535
10636
10646
10793
10857
11231
11287
11573
11594
11778
11817
11875
11881
12105
12293
12716
12811
12870
12924
13120
13214
13288
13338
13809
14152
14981
15085
15335
15825
15908
16368
16625
16855
16914
17209
17352
17363
18401
18426
18705
18966
19001
19031
19035
19063
19668
20165
20241
20468
20941
21071
21165
21239
21252
21502
21672
21890
22263
22490
23334
23435
23489
23525
23748
23980
23988
24045
24659
25004
25271
25823
26823
26918
27095
27156
27179
27806
28171
28666
29228
29258
29305
29422
29502
29728
30806
31191
31556
31952
32503
33817
34093
34434
34640
34662
35165
36045
36209
36615
37135
37167
37188
37502
37931
38622
38675
39558
39638
40453
41261
41708
41712
41940
41997
42477
42524
42884
42894
42960
43093
43144
43277
43293
43513
44143
44512
45103
45518
45553
46009
47950
48123
49831
49939
50447
51080
51209
52497
52601
54486
55253
55450
55477
55643
55844
56453
56843
57320
57718
58395
58714
60110
60325
60775
61070
61081
61175
61523
62071
62120
62381
62696
63316
63375
63714
64226
65021
65798
66213
66266
66560
67499
68612
68649
68867
69109
69411
69483
70117
70279
70415
71446
71626
72202
73018
73208
75018
75939
77730
78357
78607
78675
79284
79763
81849
82287
84044
84096
84165
84202
86161
86482
86506
86532
87017
87031
87406
87527
87552
87621
87797
87878
87925
88061
88108
88364
88687
90237
90343
90471
91382
92080
92333
92471
92855
93021
93427
94373
94538
94705
94836
95035
95277
95442
95736
96428
96626
96660
97147
97508
97714
98053
98415
99067
99772
99789
99958
99961
100308
100366
100505
100856
100990
101012
102402
102648
102655
102840
103479
103832
103843
104002
104312
104510
105807
105828
106839
107653
108391
108757
109671
110322
110486
110723
111031
111046
111373
111888
111907
111934
111938
112080
113005
113467
113487
114461
114849
114852
115448
115917
116841
117161
117405
118348
118987
119268
119406
119825
119897
120201
120483
123369
123948
124472
124975
125038
125835
127586
129189
129386
129562
131421
132897
133284
135820
137066
137158
138525
140033
140350
141408
141420
141832
143399
143418
143459
144080
144398
144892
145204
147913
147994
148874
149333
149840
150036
151871
152818
153249
153714
155259
155444
156401
158217
159170
159412
161120
162362
163058
163112
163469
163630
163804
163826
164095
166279
167858
168612
169060
169615
170295
170714
170738
172437
173279
173312
173709
175019
175729
175967
176533
176621
176627
178203
178943
179890
180002
180902
181863
182517
182543
182579
183423
183477
184162
185120
185399
185433
185487
186444
187246
187306
187966
188236
188251
188757
188801
189586
189910
190069
193129
193758
195957
196380
196494
197132
198440
198816
198987
201535
202368
203435
203676
203700
205716
206532
206894
207040
208067
209490
210171
210435
210985
212181
212431
212586
212630
213181
213566
213748
214117
214480
214877
214982
215262
216423
216641
216695
216717
217429
217890
218673
220138
220189
220916
223360
223797
224388
224600
224785
224844
224879
225970
226031
226049
227481
227935
228475
229675
229769
230500
231301
232902
233116
233314
233556
234351
235128
235250
235280
236477
236780
237234
238179
238707
238940
239022
239192
240276
240409
240761
241833
242508
243062
243173
243610
245655
246111
246919
247517
247529
247649
247703
247948
249642
249908
251051
251280
251580
251746
252899
254549
255092
255217
256364
256527
256597
257276
257323
258380
259167
259174
259374
259435
259596
261096
261317
262176
262415
262767
265504
265736
266748
266787
266918
267021
267266
267990
268754
269631
269756
270519
270539
270883
272102
272112
272401
272549
272559
273222
273453
273606
273965
274344
275475
276615
278151
278579
278814
279718
279825
280320
280337
281996
282438
282629
283234
284228
284420
284516
284638
284969
285947
286406
286591
286750
288563
289201
289315
290166
290893
291121
291663
292161
292443
294188
294746
294854
296023
297744
300803
301125
301295
302925
303219
303542
303956
305353
305624
306013
306234
307800
307899
308000
309212
309618
310110
310477
310783
311724
311726
312788
313906
314825
314830
315258
317862
318645
320304
322274
323296
323424
324424
324620
324803
326094
327456
327542
327749
327865
328358
329002
331540
332639
333588
333954
335048
337741
338083
338523
338890
339347
340827
341109
341329
341634
341759
342295
343273
343547
344827
344934
345814
346068
346462
347924
348945
349053
349549
350401
350986
351886
353208
353433
354260
354431
354441
356106
357426
357751
358164
358658
358870
359974
360272
360537
360945
360953
361271
362657
362683
362875
363619
363637
365413
365589
366166
366568
366583
366936
368127
368138
368232
370905
374249
376143
376493
377539
377797
378395
380695
381968
382264
382400
382762
382782
383032
383112
384820
385151
385681
386802
387716
388031
389448
389626
390949
391356
393206
393442
393496
394330
394371
395029
396249
396970
396981
398128
398540
398982
399313
400026
400599
400814
401026
403111
403122
403697
403783
408752
409462
409528
411138
411258
411428
412786
413102
413225
413424
413512
413757
413758
414037
414163
415108
416712
416722
416755
419250
419544
419873
420307
421101
421209
421958
422668
423547
423590
424152
424864
425699
426221
426450
426564
427397
434343
434441
434694
434935
435575
437236
438866
438968
439384
439503
439782
441431
443686
443859
444394
446800
447387
448238
448682
448823
448827
450103
450278
450289
450406
450489
450495
450528
450946
451743
452450
453190
454070
454520
454919
455008
455125
455340
456226
456951
457179
457263
458081
458177
458212
458231
458235
458256
458275
458369
458403
458473
458600
458806
459267
459390
460248
461563
461655
461733
462302
462422
462510
462715
462718
462811
463234
463430
464141
464687
465171
465172
465256
466252
468035
468142
468705
469266
471012
471347
472289
472300
472904
474768
474931
475877
476161
476713
476970
477658
478426
479712
480133
480483
482071
482134
482171
482227
483595
483694
483916
484554
484747
485489
485587
487420
488689
488749
492502
493013
493983
494000
494519
495359
495520
495846
496346
497065
497124
497864
499616
499698
500548
501565
502386
504499
504501
505652
505690
506256
506423
506505
510154
510206
510758
511414
511691
511870
511872
511883
511941
512228
512457
512938
512970
513176
513912
514911
515136
516584
530141
530271
530364
530428
530809
531222
532332
533148
533181
533313
533390
533681
534828
536422
536850
537639
538457
538588
539384
539896
542306
542328
542444
542569
542845
544856
544910
545419
545555
547223
547251
547450
547685
548927
549112
550453
550574
550612
550974
551463
551476
551758
552466
553068
553280
553803
554215
555850
556814
556995
557265
557386
557678
557864
558300
558980
559402
560100
560143
561736
563833
563922
564582
564652
564805
565493
565653
565748
566000
566069
567590
569533
569767
569867
570066
570846
572076
572179
572482
572943
572966
573611
574012
574493
574764
574895
575702
577451
578018
578134
578526
579503
579845
581990
582273
582361
582425
582446
582815
582860
583289
583340
584114
585257
585703
586226
587792
588053
588513
589373
589407
591390
591559
591692
591947
592003
593193
593226
593469
596879
599548
600581
601116
601471
601912
603263
603285
603594
605861
607243
607421
610160
610615
611097
611359
611645
613370
614244
615094
615506
615744
615806
617526
618187
620183
621551
621630
622021
622171
622486
623197
623700
625505
626902
627096
627203
627522
627555
628554
628706
628745
629722
630402
631109
632233
633027
633240
633530
633803
634417
635284
635310
635790
635803
635855
636411
636812
636894
637359
639463
641290
641783
642026
642090
642182
642331
644034
644235
644519
645077
645754
646108
647461
648131
648285
650437
650463
650660
650987
651841
651856
652269
652595
652604
652609
652711
654468
654730
656781
657004
658702
659645
659801
664515
664608
665434
665893
666298
666315
666388
667567
670126
672308
674830
675006
675099
675212
675731
675755
675921
676646
677216
678785
679968
680019
680590
680827
681454
681953
682371
682445
682608
682741
683396
683864
684333
684458
685839
686610
686952
686965
687056
688886
688903
689102
690088
691453
693984
694050
694055
694251
694886
695049
696244
696775
697220
697229
699031
699934
700936
702096
703587
703756
705075
705155
705779
705923
706577
706629
707556
709044
709384
709663
709877
710317
710577
711442
712426
712634
714482
714548
715975
716852
719086
721002
723614
725428
725652
725848
726544
727355
729658
730661
731190
731787
733016
733402
734332
735058
737430
737814
737974
738324
739406
739713
740866
741645
742057
742350
742658
744312
745217
745707
745777
746711
747875
749414
749724
749771
751229
753580
754328
754699
754703
756045
756694
757028
757958
758086
758476
760166
760214
760590
762994
763430
764217
764758
765230
765522
765534
765569
766642
766939
767650
767915
768315
769297
770109
771751
772589
773432
773987
774018
774760
774997
775227
776169
776674
776938
777223
777255
777714
777912
778458
778462
778794
778848
779557
779711
780538
780753
781125
781323
782463
782555
782698
782742
782766
782906
782995
784157
784213
784320
785058
786118
786520
787053
787342
787396
787784
787953
789577
789762
789858
790353
790720
790890
792446
794562
796659
796687
796988
797390
797457
798474
798543
799299
799560
800200
800779
800842
800932
801086
801713
802093
803281
803291
803539
804707
806494
807359
807979
808900
809454
809663
811777
812558
813227
813561
814305
814750
814812
816088
816895
817113
818858
819523
821067
821671
821943
821970
822112
822363
824402
825091
826024
826980
828299
830681
834454
835264
836451
837491
837628
837839
838664
840230
840324
840866
841624
842272
842611
842701
843145
843893
844037
844116
844337
845560
845584
847133
847339
847733
848059
849077
852763
853408
854291
854449
854835
854999
856318
857539
857544
857814
857847
858861
859585
860478
863019
863143
863395
864639
867747
867789
870068
870304
870917
871012
871982
872720
873060
873240
874957
877674
878023
879169
879252
880013
883705
884313
884916
885100
885197
886283
887190
887293
887365
887424
887515
887539
888042
890819
891207
891279
891655
891686
891941
892173
892638
892657
892745
892927
893093
894701
895117
896286
896529
897494
898803
898939
899199
899315
899568
901114
901933
903842
903897
904380
905407
905498
906014
906967
906995
907349
908202
909306
909664
909790
909954
910192
910469
910815
911144
911187
911872
912039
912459
916493
916577
916611
917941
918528
919754
921408
921639
922265
922267
922554
922992
923238
923714
924223
924637
924694
924706
924811
925529
926719
926783
926813
926961
927315
927982
928478
928865
929751
930222
930572
933561
933930
934677
935185
935442
935505
936840
937595
937698
937793
939178
939592
940624
941581
941810
941821
942168
944219
944739
946702
947498
947790
948960
949154
949772
951703
952012
952025
952548
952957
952989
955095
955312
955477
956065
957357
958517
959735
960321
960343
961899
962065
963062
964126
965271
968158
968567
968991
969606
969811
970104
970655
971196
971739
971863
972187
972392
972399
973119
973636
973640
973793
974366
974714
975303
975840
976062
976095
977498
977668
977770
979967
980291
980514
980764
981288
982241
982844
984024
984093
984976
985514
986042
986136
986287
987111
987286
988008
988225
988857
989071
989366
989407
990656
990687
990962
991047
991671
992628
992918
994092
994821
995076
995578
995988
996035
996679
996809
998209
998738
999057
1000041
1000175
1000787
1001957
1001998
1002194
1002428
1002830
1004217
1004497
1005155
1005401
1006394
1008574
1008830
1009555
1010348
1010871
1011180
1011985
1012324
1012562
1013586
1014863
1015798
1015939
1016078
1016217
1017385
1018301
1018416
1019242
1019569
1019643
1019889
1019892
1021252
1022146
1022152
1022225
1023102
1023773
1023956
1025657
1026153
1026787
1027620
1028328
1028623
1028718
1028909
1029311
1029358
1029504
1029812
1030134
1030198
1030222
1030322
1030791
1032129
1032200
1032564
1033489
1033924
1034229
1035165
1036008
1036618
1037085
1037292
1038699
1039111
1039940
1040971
1042735
1042909
1043969
1045354
1046684
1047690
1047791
1048111
1048578
1048612
1049596
1049811
1050036
1050376
1050447
1051441
1052302
1052320
1052420
1052817
1054105
1054192
1054336
1055545
1056050
1056081
1056135
1056282
1056928
1057123
1057234
1058325
1058489
1058670
1058853
1058979
1060115
1061288
1063347
1063619
1063793
1063799
1063845
1064173
1064772
1064861
1065015
1065555
1066240
1066545
1067555
1067570
1069036
1069768
1070613
1071557
1073456
1073562
1074372
1074965
1075926
1076126
1076561
1076623
1076755
1077642
1078042
1079878
1080263
1081307
1082362
1082529
1082572
1082596
1082619
1082853
1083595
1083760
1088498
1088499
1088892
1090458
1090605
1091261
1092456
1093587
1093659
1094362
1094622
1094634
1095303
1100240
1101349
1101564
1106184
1106451
1106710
1106868
1107043
1107521
1107552
1108442
1108556
1108807
1110537
1110557
1111014
1111255
1111510
1111560
1111813
1112105
1112509
1113821
1114370
1114378
1115071
1115091
1116364
1116456
1117560
1118052
1118057
1118688
1118806
1119825
1120714
1121358
1121622
1122462
1122987
1122997
1124836
1124920
1125681
1126042
1126286
1126556
1126714
1126751
1127144
1127636
1129960
1131854
1133013
1133120
1133731
1134978
1135244
1136187
1138559
1138960
1139111
1139340
1140211
1140778
1140902
1142440
1142543
1143454
1143847
1146665
1147142
1148094
1148776
1149501
1151541
1152236
1152249
1152418
1152538
1152830
1153057
1153319
1154143
1155077
1155079
1155197
1155809
1155926
1156822
1157251
1157584
1157743
1159364
1159414
1160840
1161393
1162122
1162219
1163968
1164160
1164819
1164908
1164935
1164958
1165580
1165653
1165667
1166451
1166634
1166677
1167239
1167434
1167684
1168789
1168810
1168872
1169647
1169854
1170534
1171603
1171609
1172521
1173123
1173955
1174290
1174554
1174580
1174653
1174933
1175258
1176270
1179550
1179785
1182763
1183252
1183375
1183486
1183937
1184309
1184494
1184816
1186148
1186176
1186177
1186335
1186531
1186693
1186731
1186908
1187710
1188639
1188765
1189568
1190140
1190365
1190530
1190688
1191012
1191175
1191787
1192200
1192334
1192690
1193089
1193299
1193590
1193946
1194035
1194228
1194801
1195746
1196025
1197058
1197435
1197687
1198410
1199108
1199223
1201175
1201340
1202412
1203108
1204116
1204189
1204971
1205269
1205717
1206511
1206925
1207613
1207617
1207930
1208133
1209083
1209458
1210249
1211131
1211209
1211635
1211964
1211969
1213673
1215160
1215269
1215572
1215598
1215932
1216276
1216348
1217446
1218180
1218635
1219067
1219168
1219616
1221392
1222115
1222153
1222935
1223065
1223118
1223332
1224237
1224450
1224901
1225863
1226605
1226635
1226793
1227175
1227775
1228037
1229361
1229549
1230385
1230899
1230947
1231435
1231460
1231670
1232064
1232299
1233606
1234228
1235365
1236334
1236446
1237088
1240115
1241930
1242375
1242424
1242569
1243280
1243512
1243664
1243810
1243982
1245291
1246490
1247131
1247415
1247496
1247521
1248994
1249033
1249806
1250004
1250398
1250892
1251832
1252086
1252159
1252479
1252489
1252756
1253068
1253900
1254181
1254490
1255160
1266714
1268863
1268922
1269978
1270019
1270073
1271706
1272115
1272140
1272205
1272478
1272560
1273805
1274414
1274530
1274696
1274930
1275103
1275122
1275418
1275642
1275926
1276286
1276495
1277819
1278031
1278622
1278961
1280902
1281058
1281150
1281401
1283002
1283210
1283741
1284114
1284382
1284478
1284729
1284820
1285761
1286509
1286531
1287775
1288498
1288790
1289628
1289790
1290059
1290138
1291390
1292429
1292447
1292839
1292875
1293397
1294426
1294552
1294563
1295773
1295995
1296457
1296460
1296935
1297345
1299585
1299760
1300087
1300701
1300943
1301249
1301264
1301657
1301955
1302329
1302350
1302376
1303000
1303357
1303638
1304525
1305046
1305596
1305755
1306353
1306402
1306676
1307054
1308325
1308725
1308776
1309043
1310271
1310856
1310873
1310954
1311095
1311321
1312013
1312224
1312276
1312606
1312727
1313134
1313155
1313213
1313282
1313525
1313558
1313906
1314051
1314468
1314597
1314658
1315544
1315861
1316413
1316759
1318549
1318596
1318804
1318940
1319357
1320306
1320473
1321076
1321737
1322212
1322273
1323203
1323251
1323456
1323693
1324344
1324830
1324970
1325019
1326431
1326481
1326632
1326765
1327046
1327182
1327224
1328096
1328619
1329452
1329856
1330007
1330180
1331484
1331681
1332407
1332589
1333224
1333334
1334086
1334184
1334394
1335481
1335867
1336958
1337152
1337157
1338251
1338393
1338441
1338700
1340158
1340277
1340391
1340419
1340533
1341346
1341796
1341835
1342100
1342387
1342973
1343799
1343808
1344992
1345809
1345885
1346004
1346084
1346901
1347635
1348186
1348933
1349152
1349287
1350715
1350971
1351011
1351565
1351760
1352217
1352616
1352958
1354654
1354699
1355079
1355456
1355557
1355570
1356507
1356533
1357402
1360537
1360549
1360976
1361057
1361131
1361205
1361693
1362119
1362130
1362356
1362388
1363482
1363801
1364620
1364859
1365507
1366135
1367725
1369991
1370273
1370668
1370688
1370781
1372195
1372224
1373045
1373371
1374024
1374117
1375114
1375131
1375434
1375961
1376595
1376726
1376826
1376950
1377195
1377704
1377838
1379294
1380392
1380797
1381607
1381662
1382041
1383176
1383463
1383568
1383977
1384229
1384724
1386666
1387157
1387404
1389924
1392516
1392637
1392773
1394068
1396284
1397007
1397554
1397601
1397798
1397805
1397911
1398963
1399168
1399318
1399631
1400243
1401101
1401231
1401279
1402184
1402471
1403780
1403860
1405205
1405217
1405771
1406135
1406453
1407315
1408530
1408748
1408910
1409558
1410139
1410532
1410559
1410850
1411774
1411850
1412503
1412568
1413430
1413463
1413658
1414139
1414379
1414929
1415577
1415736
1417103
1417470
1418275
1418694
1418849
1419047
1419379
1419993
1420711
1421940
1421956
1422676
1424428
1424506
1425709
1426234
1426638
1427641
1428109
1428243
1428290
1430987
1432115
1432136
1433943
1435614
1436197
1437175
1437270
1437278
1438287
1440234
1443096
1443350
1444129
1444886
1445758
1446426
1446526
1446788
1447069
1447350
1447570
1447668
1451383
1453217
1453238
1453553
1454708
1454744
1455475
1456243
1456286
1456796
1459660
1460086
1460090
1460684
1460783
1461937
1462279
1462482
1462785
1463780
1464153
1464233
1465278
1466074
1466554
1467747
1467971
1468516
1468968
1469219
1469248
1469440
1469607
1469937
1470600
1472526
1472548
1473326
1474790
1475146
1475280
1476298
1477155
1477231
1477517
1477668
1477846
1477969
1477985
1478006
1478108
1478801
1478865
1479493
1479877
1480130
1480462
1481065
1481538
1482356
1483273
1484456
1485025
1485838
1487466
1487810
1488284
1488905
1489027
1489315
1491198
1492058
1492394
1493049
1493467
1494100
1494345
1494781
1495008
1495232
1496355
1496434
1496466
1496822
1497006
1497744
1498098
1498188
1498949
1498993
1499140
1500259
1501569
1503146
1503357
1503438
1504132
1504382
1504653
1505225
1505251
1505389
1505765
1506118
1506662
1507112
1508188
1510170
1510315
1510694
1512583
1512964
1513068
1513182
1513550
1513796
1514340
1514642
1514659
1515028
1515141
1515291
1515473
1516342
1516521
1517158
1517168
1517408
1517528
1518310
1519327
1519538
1520214
1520525
1520864
1521131
1521234
1522229
1522571
1523135
1523641
1523854
1523953
1524322
1524390
1524830
1525084
1525127
1525254
1525283
1525285
1525334
1525613
1525681
1525807
1526393
1526702
1527859
1528426
1529964
1530241
1530250
1530388
1530722
1531060
1531127
1531309
1531500
1531736
1532084
1532111
1532164
1533336
1533838
1534546
1534846
1535003
1535161
1535344
1536520
1537668
1537851
1538007
1538672
1538744
1539140
1539387
1540579
1541038
1541378
1541723
1541967
1542098
1543027
1543672
1544188
1544405
1545406
1545742
1546472
1546598
1547244
1547287
1548035
1548125
1548190
1548285
1548466
1549084
1549563
1550470
1550640
1552062
1552478
1553097
1554544
1555039
1555288
1557872
1558141
1558445
1558591
1558726
1558928
1559033
1559635
1559785
1559867
1560802
1561054
1561440
1561796
1561876
1562878
1563382
1563655
1564208
1564500
1564983
1565133
1565209
1565210
1565493
1565620
1565908
1567156
1567616
1567870
1567939
1568850
1569639
1569867
1570034
1570256
1570299
1570666
1570699
1570852
1570909
1571030
1571056
1571064
1571945
1572363
1573361
1573977
1574907
1574949
1575073
1575727
1576485
1576562
1576624
1576733
1576811
1577078
1578529
1579685
1581287
1581397
1581583
1581754
1582283
1582357
1582527
1582700
1582784
1582788
1583024
1584464
1584859
1584972
1585004
1585359
1585639
1585685
1586078
1587763
1588003
1588055
1588521
1589104
1589387
1589388
1589490
1591451
1591510
1591626
1595205
1596668
1596829
1598178
1599046
1600496
1601632
1601813
1602862
1603120
1604860
1606040
1606159
1607806
1608132
1608267
1608746
1609436
1609546
1610731
1610816
1611024
1611323
1611779
1611885
1612192
1612222
1612229
1612651
1613023
1613590
1613633
1613721
1614814
1614834
1614980
1615945
1616459
1617598
1618399
1618531
1618662
1618715
1619690
1619719
1619805
1619855
1620219
1621030
1621862
1621998
1623050
1623264
1623391
1623588
1624078
1624081
1624195
1624225
1624981
1625038
1625076
1625077
1626569
1627123
1627445
1627964
1628504
1629142
1629568
1635071
1635480
1635519
1636586
1636634
1637694
1638555
1638683
1638773
1639539
1640546
1640691
1642099
1642333
1642693
1642719
1642962
1643340
1643493
1643528
1645054
1645575
1645654
1646377
1646877
1647046
1647303
1647351
1648237
1648503
1648684
1649162
1649429
1649431
1649459
1649866
1649874
1650931
1651244
1651527
1651641
1652340
1653886
1654002
1654047
1654527
1655124
1655999
1656999
1657078
1657772
1658087
1658438
1658570
1659756
1659846
1659904
1660503
1660610
1660753
1661367
1662943
1663157
1663363
1663623
1666946
1667454
1669404
1669452
1670219
1670433
1670983
1671309
1671400
1671772
1671978
1672996
1673154
1673834
1674499
1674946
1678402
1678906
1678986
1680746
1680919
1681098
1681139
1681328
1681347
1681619
1683810
1683862
1684845
1685054
1685289
1685308
1685711
1686632
1686706
1686741
1687063
1687164
1688768
1688833
1690636
1691115
1691206
1691317
1691370
1693032
1694002
1694079
1694302
1694605
1695841
1696132
1696438
1696987
1698181
1698458
1699211
1699357
1700730
1701496
1702259
1702338
1703256
1703346
1703380
1704225
1704271
1704709
1704710
1705183
1705734
1706570
1707060
1707082
1708002
1708047
1708224
1708612
1708645
1708760
1709132
1710878
1711113
1712757
1713267
1713776
1714689
1715378
1715416
1715630
1715838
1716299
1716583
1718209
1718583
1721266
1721282
1724214
1725221
1725489
1727121
1727147
1727798
1728301
1728527
1728752
1729028
1729285
1730875
1731034
1731061
1731572
1732994
1733386
1733722
1733790
1734007
1734196
1735003
1735127
1735989
1736074
1736818
1737281
1737649
1738084
1738466
1738659
1738782
1738911
1739958
1740805
1742219
1743623
1743683
1743747
1744279
1744818
1744929
1745009
1745110
1745328
1745407
1746061
1746883
1746972
1747012
1747109
1747147
1747301
1747312
1747816
1748613
1748840
1748875
1748936
1748990
1749176
1750146
1750320
1750713
1750854
1751897
1752278
1752883
1752999
1753063
1753166
1753300
1753502
1754634
1755781
1756087
1756420
1756602
1756775
1757224
1757867
1758038
1758484
1759179
1760356
1760770
1762894
1763856
1764095
1764817
1765189
1765406
1766407
1766656
1767168
1767581
1768038
1768338
1768788
1769109
1769582
1770712
1770854
1771096
1771153
1772871
1773979
1774313
1775058
1775370
1775672
1778062
1778315
1779347
1779400
1779583
1780007
1781181
1781812
1781839
1782018
1782113
1782156
1782263
1783134
1783972
1784466
1785000
1785654
1786941
1787123
1787226
1787750
1787851
1788093
1788112
1788202
1788859
1789019
1789064
1791813
1792827
1793221
1794180
1794561
1794849
1795229
1795954
1796073
1796453
1797351
1797962
1799130
1799280
1799441
1800419
1800947
1801105
1801732
1801820
1802212
1802902
1802906
1803706
1804300
1805329
1805413
1805448
1806296
1806932
1807134
1807463
1807847
1807934
1807977
1808852
1809203
1809253
1809366
1810060
1810672
1810722
1810801
1812121
1812210
1812653
1813873
1814573
1814881
1814975
1815168
1815316
1815946
1816097
1816108
1816450
1816549
1817130
1817317
1817871
1817877
1818128
1818651
1818793
1819803
1819819
1820016
1820374
1820515
1821074
1821081
1821288
1821467
1823475
1823550
1823626
1824085
1824446
1824534
1824942
1824999
1825030
1825429
1825644
1825799
1826435
1826614
1826874
1827418
1828557
1828924
1829163
1829199
1829433
1830152
1830504
1830785
1831694
1832044
1832616
1833033
1833263
1833359
1833495
1834883
1834986
1835158
1835531
1836003
1836938
1837036
1837393
1837394
1837626
1837912
1838555
1839683
1839729
1839834
1839849
1840264
1840375
1841177
1841279
1841584
1842031
1842066
1842133
1843077
1843292
1843491
1843494
1845023
1845433
1845680
1845846
1846109
1846659
1848493
1848579
1848671
1848687
1849278
1849314
1849677
1850024
1850166
1850236
1851200
1851244
1851359
1852277
1852373
1853173
1853802
1853988
1854240
1854596
1854673
1854953
1855734
1855816
1855861
1856018
1856082
1856321
1856355
1856432
1856550
1856719
1857213
1857412
1857532
1857617
1857825
1858025
1858329
1858638
1859867
1860169
1860417
1860814
1860919
1860967
1861313
1861436
1861532
1861763
1862598
1862703
1863011
1863504
1864189
1864435
1864534
1865752
1865919
1866961
1866969
1867511
1867583
1868211
1868330
1868777
1870127
1870144
1870694
1870862
1870989
1871014
1871825
1871885
1872376
1872407
1872462
1872559
1872826
1872893
1873189
1873542
1873563
1873688
1874363
1874627
1876072
1876397
1876929
1877415
1877472
1877593
1878268
1878481
1878713
1879070
1880031
1880040
1880408
1881158
1881430
1881564
1881631
1881668
1881685
1882742
1883395
1883441
1883617
1884692
1885064
1885223
1885537
1885598
1885851
1886049
1886057
1886062
1886642
1886865
1887615
1889014
1889659
1889975
1890014
1890624
1890962
1891383
1891387
1891578
1891740
1891795
1891805
1891886
1892156
1892651
1892659
1892693
1893022
1894082
1894104
1894688
1894886
1895347
1896268
1896965
1897699
1898119
1898133
1898334
1898601
1900095
1900265
1900430
1900797
1900862
1900996
1901395
1902321
1902373
1902476
1902748
1903350
1903388
1903681
1904531
1905078
1905156
1905264
1905650
1906035
1906739
1907527
1907707
1909562
1911394
1911620
1912258
1912940
1913482
1913735
1913807
1914457
1914581
1914659
1914782
1916053
1916258
1916287
1916351
1916435
1916456
1916833
1917292
1917358
1917857
1918353
1918628
1918813
1919175
1919515
1919604
1919738
1919754
1920106
1920294
1920448
1920897
1920933
1921075
1922092
1923203
1923439
1923720
1924764
1925255
1925664
1926129
1926606
1926624
1927049
1927303
1929048
1929131
1929270
1929552
1929607
1930165
1930273
1930381
1930847
1930980
1931406
1931765
1931981
1933185
1933208
1934179
1934182
1934251
1934366
1934805
1935372
1935378
1935545
1936139
1936459
1936904
1936973
1936989
1937118
1937527
1938122
1938488
1938633
1939020
1939190
1939336
1939597
1940350
1942696
1942707
1944009
1944866
1945866
1946456
1946564
1946673
1946798
1947259
1947576
1948286
1948774
1949636
1950157
1950386
1951094
1951139
1952133
1952283
1952500
1952767
1953046
1953234
1953449
1956099
1956404
1957725
1958404
1958417
1959665
1959993
1960131
1961250
1961264
1962365
1962443
1962451
1962873
1964592
1964738
1965432
1966185
1966420
1966495
1967754
1968547
1969741
1969869
1970529
1970643
1972548
1972592
1972614
1973914
1974752
1975183
1975631
1976196
1976252
1976382
1976437
1976525
1976534
1977291
1977362
1977364
1977534
1977559
1977814
1978112
1979003
1979337
1979618
1981336
1981860
1982518
1982588
1982895
1983213
1983260
1984130
1984198
1984304
1985136
1985238
1985288
1986039
1987226
1987613
1987622
1988441
1988853
1989777
1989786
1989841
1989853
1991193
1991933
1992131
1992323
1993033
1993179
1993505
1994612
1994725
1995170
1995708
1996267
1996506
1996661
1997025
1997258
1997715
1997765
1998445
1998585
1998893
1998907
1999279
1999561
1999772
1999885
2000057
2000976
2001253
2001509
2001824
2001934
2002918
2002995
2003205
2003366
2003562
2003819
2004265
2005128
2005142
2005960
2006252
2006299
2006472
2007556
2007637
2008106
2008111
2009066
2009711
2009717
2009719
2011497
2012679
2012802
2012862
2013367
2013444
2013522
2013745
2014253
2014816
2015020
2015413
2015512
2015633
2016200
2016463
2016482
2016493
2017322
2017783
2017997
2018258
2018283
2019768
2019960
2019976
2020207
2020266
2020408
2021147
2022469
2023167
2023186
2023248
2023809
2023868
2024311
2024695
2024784
2025298
2025465
2026064
2026073
2026238
2026430
2026598
2026717
2026811
2027866
2028335
2028394
2029236
2029562
2030127
2031080
2031702
2031894
2032495
2032528
2033002
2033509
2035304
2036386
2036394
2036429
2037557
2038088
2038112
2038113
2038716
2038912
2040610
2040689
2040762
2040787
2041375
2041507
2041853
2042018
2042118
2042219
2042673
2042730
2042742
2042839
2042904
2044272
2045081
2046165
2046562
2047217
2047223
2047610
2049327
2049684
2050133
2050238
2050341
2051125
2052007
2052167
2052541
2053031
2053098
2053153
2054807
2054989
2055005
2055542
2056159
2056901
2057164
2057280
2057794
2059077
2059441
2059591
2060075
2060248
2060393
2060558
2060849
2060956
2060982
2062291
2062354
2062925
2062940
2063893
2064174
2064292
2064385
2064577
2064646
2065322
2065383
2065600
2065764
2065825
2066657
2066868
2068864
2068868
2069119
2069460
2069670
2071361
2072103
2072694
2073399
2074121
2075049
2075142
2075340
2075414
2075564
2076813
2077362
2077400
2077436
2079400
2079873
2081011
2081723
2082808
2082941
2083000
2083210
2083429
2083471
2083957
2084343
2084432
2084773
2084891
2085831
2086109
2086953
2087139
2087192
2087367
2087417
2087496
2087718
2087965
2089518
2090144
2090568
2090599
2091481
2091742
2091771
2092002
2093233
2093721
2093763
2093818
2094322
2094851
2094867
2095335
2095929
2096490
2096810
2097346
2097814
2100559
2101595
2101903
2102012
2102346
2103320
2103490
2103885
2104641
2104950
2105319
2105344
2105854
2106065
2106407
2106836
2107044
2107385
2107484
2108498
2108587
2109106
2109863
2110908
2111502
2112096
2112405
2113016
2114085
2114271
2114810
2115234
2115321
2115767
2117512
2117537
2117698
2117947
2118028
2118062
2118614
2121420
2122077
2122283
2122637
2122675
2123035
2123408
2123591
2124048
2124199
2124754
2125090
2125970
2126834
2127240
2127252
2127929
2128458
2129141
2129724
2130043
2130137
2130311
2132008
2132299
2132546
2132901
2133250
2133457
2133458
2133925
2134320
2135027
2135313
2136076
2136212
2136656
2136704
2136750
2137048
2137097
2138240
2139485
2140954
2141019
2141790
2142313
2144219
2144366
2144508
2144828
2145008
2145736
2146283
2148754
2149606
2151305
2151946
2152914
2152953
2153225
2153561
2154059
2155601
2155633
2156138
2156146
2156283
2157649
2157676
2158170
2158686
2159093
2160297
2160462
2160860
2161753
2162482
2162992
2163004
2163180
2163542
2165266
2165281
2165821
2166402
2167105
2167135
2167155
2167700
2168105
2168160
2168364
2168592
2168747
2168905
2171019
2171537
2172100
2172271
2172794
2173630
2174007
2174652
2175062
2175410
2175601
2175611
2175906
2176635
2176704
2177020
2177502
2177800
2177948
2178094
2178404
2179022
2179075
2179145
2180541
2180652
2180660
2182427
2182826
2183088
2184095
2184437
2184872
2186166
2187357
2188499
2189313
2189364
2190037
2190411
2191204
2192030
2192159
2193163
2193280
2193325
2193336
2193528
2193531
2195021
2195716
2196034
2196119
2196277
2197087
2197705
2197825
2197851
2197987
2198690
2199174
2199357
2199367
2200020
2200034
2200072
2200215
2200584
2200634
2200874
2200888
2200972
2201069
2201442
2202176
2203059
2203850
2206213
2207230
2208106
2210374
2210547
2210562
2211102
2211345
2211425
2211625
2212734
2212741
2212984
2213400
2213467
2214548
2214599
2214617
2214804
2215254
2215329
2215454
2215635
2216127
2216435
2217444
2217588
2217683
2218263
2218562
2218571
2221289
2221712
2222190
2222609
2222868
2223084
2223267
2224013
2224095
2224970
2225392
2225867
2225913
2226131
2226403
2226755
2228062
2229464
2230588
2230628
2230881
2231573
2231703
2232240
2234367
2234386
2234722
2235078
2235324
2235440
2236325
2237259
2237389
2238319
2239042
2239054
2239659
2240172
2241455
2242144
2242295
2242907
2243424
2243765
2244306
2244408
2244494
2244776
2245501
2245764
2246807
2247993
2248291
2248386
2248809
2249072
2249591
2249619
2250021
2252505
2252834
2252893
2253052
2253847
2254617
2254917
2255584
2255827
2255954
2256062
2256096
2256235
2256332
2256386
2257025
2258224
2258227
2258468
2258698
2259064
2259260
2259826
2260068
2260252
2261701
2262566
2262624
2263190
2263381
2263743
2264163
2265062
2265801
2266176
2266270
2266386
2267336
2267383
2267728
2268044
2268051
2268937
2269226
2269318
2270103
2270163
2270671
2271065
2271212
2271959
2272534
2272567
2273041
2273297
2273432
2273867
2274218
2274740
2274878
2275026
2275951
2276944
2277056
2277888
2278338
2278739
2279380
2279728
2279732
2279797
2279917
2280567
2281572
2281708
2281738
2282236
2282259
2284333
2284665
2284754
2286014
2286701
2286926
2286956
2287815
2288302
2288369
2288677
2288856
2288977
2289242
2289480
2289516
2289659
2289722
2290520
2291291
2291355
2291718
2293491
2294065
2294141
2294794
2295183
2295342
2296018
2296937
2297517
2298065
2298540
2298573
2299192
2299593
2300581
2300937
2301368
2301392
2301488
2301627
2302427
2302696
2302718
2302819
2303391
2303742
2308186
2308219
2308469
2308635
2309026
2310538
2310817
2311017
2311309
2311391
2311437
2311925
2312554
2312728
2313220
2315283
2316149
2316490
2316539
2316565
2317242
2317281
2317690
2317848
2318492
2318620
2318818
2319188
2319384
2319835
2320107
2320171
2320868
2321349
2321558
2321778
2321909
2321948
2323251
2323423
2324007
2326341
2326344
2326430
2327602
2327928
2328597
2328640
2328765
2329072
2330844
2330937
2331482
2331762
2331849
2331926
2333332
2333554
2333559
2333577
2335281
2335406
2335648
2336833
2338519
2339523
2340191
2340378
2340678
2340826
2341070
2341698
2342038
2342113
2342918
2343192
2344136
2345387
2345432
2346235
2347478
2347533
2347915
2348249
2348408
2348726
2351734
2351931
2351944
2352168
2352510
2352615
2352645
2353268
2353585
2353634
2354585
2354971
2356044
2356185
2356926
2357750
2359031
2359601
2360840
2361085
2361769
2361788
2362087
2362794
2363296
2363643
2363890
2365253
2365307
2366471
2366498
2367894
2368313
2368758
2368831
2368892
2368933
2369084
2369346
2369663
2370747
2372057
2372611
2372682
2374203
2374676
2374825
2375124
2376131
2376180
2376478
2376844
2377235
2377915
2378912
2379275
2379450
2379943
2380020
2381544
2382403
2382540
2382660
2383246
2383439
2383571
2383902
2384266
2384737
2384845
2384898
2385224
2385315
2385523
2385668
2386186
2386489
2386824
2386916
2386932
2387309
2387410
2387889
2388601
2388939
2389136
2389300
2389637
2389999
2390452
2390752
2392758
2392899
2393037
2393437
2394189
2395331
2396269
2396837
2397590
2398747
2398748
2399305
2400154
2400947
2401424
2402615
2404050
2404058
2404076
2404609
2404762
2404837
2404845
2406245
2408184
2408676
2408684
2408787
2408873
2409286
2410874
2411133
2411241
2411298
2411374
2411375
2411785
2412073
2412548
2412847
2413566
2413745
2413824
2414407
2414678
2416525
2416532
2417315
2418175
2418250
2418590
2418592
2418650
2418934
2419288
2419386
2419476
2419479
2419973
2420425
2420615
2421097
2422570
2422587
2423164
2423275
2424480
2424745
2425018
2425570
2425667
2426011
2426419
2428347
2428640
2429056
2429614
2429757
2430411
2430421
2430446
2430489
2433974
2434058
2434668
2435314
2435392
2435457
2436013
2436252
2436301
2436733
2437258
2437390
2437835
2438687
2439012
2439504
2439536
2439627
2439764
2439839
2440573
2440807
2441131
2441183
2441706
2441791
2441870
2441977
2442010
2442328
2442693
2442863
2442872
2443334
2443728
2444500
2444831
2445300
2446186
2446758
2447523
2447896
2448093
2448382
2448408
2448478
2449314
2449351
2449392
2449603
2450416
2451063
2451953
2452131
2452997
2453055
2453243
2453369
2453611
2454308
2455328
2455413
2455886
2455918
2456204
2456208
2456226
2456415
2456863
2456891
2457556
2457631
2457937
2458028
2458313
2458581
2458821
2459284
2460689
2460934
2461259
2461367
2461487
2461506
2461691
2462185
2462989
2463433
2463440
2463781
2464292
2464702
2464768
2465293
2466162
2466231
2466339
2466608
2467312
2467476
2467717
2467950
2469079
2469838
2469859
2470437
2470769
2470990
2471063
2471209
2471267
2471685
2472278
2472411
2472439
2472612
2472887
2473026
2473549
2474219
2474878
2474972
2476312
2476427
2476877
2476908
2477250
2478559
2479319
2480020
2480030
2480438
2481192
2481514
2481784
2481991
2482199
2482244
2482280
2482813
2482825
2483159
2483249
2483412
2483553
2484322
2484519
2484540
2484982
2485118
2487485
2488174
2488760
2488787
2489108
2489331
2489485
2489761
2489838
2490076
2490431
2490485
2491176
2491245
2491847
2491962
2492056
2492453
2492481
2492573
2492976
2493740
2494133
2494184
2495215
2495685
2495820
2496435
2496628
2496670
2496893
2497139
2498931
2499659
2500131
2500720
2500895
2501001
2501135
2501507
2501579
2502489
2502683
2503104
2503358
2503472
2503856
2504059
2504381
2504772
2504876
2505430
2506027
2506352
2506797
2507074
2507531
2508201
2508394
2508617
2508957
2509626
2509838
2510491
2511236
2511283
2511550
2512017
2512246
2512492
2512561
2514144
2514228
2514513
2514666
2514834
2514967
2515002
2515232
2516056
2516098
2516276
2518024
2518194
2518627
2519138
2519268
2519367
2519427
2520009
2520340
2520467
2520941
2521315
2521961
2522117
2522410
2522548
2522736
2522989
2523492
2523763
2524740
2525186
2525755
2525790
2526130
2526538
2526570
2526781
2526808
2527219
2527576
2527821
2528420
2528671
2529063
2529916
2530204
2531050
2531457
2531479
2531663
2531726
2532465
2533098
2533195
2533990
2534087
2535154
2535470
2535677
2535824
2536336
2536444
2536503
2537309
2537787
2537828
2538099
2538334
2538377
2539986
2540702
2541516
2541840
2542157
2542496
2542923
2544056
2544452
2544786
2545138
2545572
2545653
2547235
2547620
2547742
2547886
2547994
2548218
2549307
2549500
2549759
2550387
2550619
2550943
2551274
2551377
2551382
2551517
2551528
2551569
2551623
2551679
2552721
2552786
2553033
2553424
2554058
2554191
2554749
2555087
2556356
2556987
2557247
2557410
2557485
2558665
2558699
2558928
2559180
2559196
2559346
2559527
2559532
2559731
2559848
2559855
2559924
2559962
2560370
2560482
2560598
2560722
2561799
2562496
2563029
2563153
2563380
2564253
2564624
2564862
2565026
2565278
2565756
2566060
2566882
2567876
2568109
2568149
2568751
2568896
2569104
2569306
2569406
2569777
2570068
2570201
2570356
2570981
2571207
2571285
2571782
2572576
2572588
2572630
2573183
2573370
2573542
2573630
2575703
2575802
2576424
2576510
2577640
